358.59417277938996 -27.1743564839844 358.5854699420936 -27.1743396849705 358.58674154152544 -27.2075877777701 358.59320830267086 -27.2065612009926 358.59417277938996 -27.1743564839844

347.4274724721098 -28.1704942702887 347.4224921894428 -28.1800574966163 347.424706326113 -28.1925544933737 347.4349193916536 -28.2011334256808 347.4434328912104 -28.2019911088936 347.4487742158116 -28.1884126698231 347.4518759279443 -28.1796917053919 347.4459480534171 -28.1717270455198 347.4341430537705 -28.1697127035734 347.4274724721098 -28.1704942702887

359.5123781 -32.5371596 359.4792815 -32.5269073 359.4375935 -32.5209456 359.3952565 -32.527497 359.3528659 -32.5407806 359.3424058 -32.5643402 359.3461516 -32.6000208 359.359141 -32.6237007 359.3864547 -32.6460039 359.430401 -32.665486 359.4916892 -32.6590013 359.522072 -32.6504459 359.5519032 -32.6365802 359.5720006 -32.6221927 359.5755418 -32.599073 359.5664744 -32.5812113 359.5505991 -32.5532047 359.5123781 -32.5371596

11.8809994 -31.4088836 11.8629465 -31.3992368 11.8462452 -31.3973635 11.8367446 -31.3986833 11.8342646 -31.4061451 11.8329122 -31.4139207 11.8403336 -31.4240021 11.8506252 -31.4371074 11.8605824 -31.4431559 11.8767857 -31.4451713 11.8865744 -31.4414261 11.8928172 -31.434369 11.8938261 -31.422273 11.8809994 -31.4088836

12.3641378598412 -34.9420347636011 12.3811735761271 -34.9457341500998 12.3954562227217 -34.9371431748798 12.4002242320334 -34.9246173518895 12.4006834570289 -34.9140233715093 12.3971366420899 -34.9056238807041 12.392711504191 -34.897506907888 12.3875513456957 -34.8932949614988 12.3764279846475 -34.8913720623303 12.3632730704997 -34.8958985098771 12.3522572084348 -34.8999010257402 12.3457326716593 -34.902210625108 12.3435423872787 -34.9097864604802 12.3461513254131 -34.9207618105317 12.3509254944462 -34.9295609428738 12.3605653102972 -34.9381360153517 12.3641378598412 -34.9420347636011

12.815886287625418 -34.11532786885246 12.835 -34.054508196721315 12.803311036789298 -34.02926229508197 12.75066889632107 -34.03629508196722 12.726588628762542 -34.05565573770492 12.71705685618729 -34.07 12.721571906354514 -34.09581967213115 12.732608695652173 -34.111311475409835 12.748160535117057 -34.12049180327869 12.76571906354515 -34.124508196721315 12.791304347826086 -34.12508196721311 12.815886287625418 -34.11532786885246

13.2158476 -31.1673982 13.1858909 -31.1483962 13.1569523 -31.144075 13.1212793 -31.1527045 13.1152133 -31.1659496 13.1172136 -31.1967662 13.1269639 -31.222402 13.1454783 -31.2468873 13.1805119 -31.2621545 13.2216121 -31.2566745 13.2418141 -31.2405381 13.2475267 -31.2226794 13.2468336 -31.1964724 13.2158476 -31.1673982

16.3850972858051 -31.714586258294 16.3966984847666 -31.706585474343 16.4029149749436 -31.6959772981365 16.4003214220037 -31.6800258718233 16.3945230747456 -31.6708287575699 16.3810117538859 -31.668490609644 16.3696108990211 -31.6644321636657 16.3663500362124 -31.6568434771939 16.3543321464229 -31.6588182023214 16.3521073060413 -31.6699906343924 16.3435192846642 -31.6786598395064 16.3396233246976 -31.6905436627781 16.336724580769 -31.7041008578574 16.3430715368709 -31.716507018981 16.3533009544207 -31.7247936574037 16.3838146746304 -31.721268128797 16.3850972858051 -31.714586258294

17.2126569 -28.5699524 17.2034832 -28.5612924 17.1920171 -28.5624002 17.1798619 -28.5680387 17.1735533 -28.5754899 17.1737808 -28.58264 17.1788248 -28.5925099 17.187197 -28.595834 17.1930462 -28.5998625 17.1986666 -28.6007689 17.2017635 -28.5967407 17.2072689 -28.59382 17.2127737 -28.5889856 17.2165579 -28.5854605 17.2141483 -28.5755917 17.2126569 -28.5699524

17.6716713 -30.2006939 17.6620172 -30.1997963 17.6507145 -30.1992935 17.6360324 -30.201408 17.6296218 -30.2113775 17.6267059 -30.2229586 17.6303171 -30.2339364 17.6490839 -30.2401814 17.6706484 -30.236151 17.6758911 -30.2266833 17.674024 -30.2185263 17.6716713 -30.2006939

17.7668842 -30.4279638 17.7581248 -30.4255477 17.7483145 -30.4266556 17.7366353 -30.4282662 17.7320786 -30.4365236 17.7337121 -30.4450839 17.7434068 -30.4511271 17.7560232 -30.45153 17.7689897 -30.4490111 17.7741279 -30.4409538 17.7737756 -30.4315882 17.7668842 -30.4279638

25.1047307 -28.9020717 25.0921914 -28.8952245 25.079768 -28.8981447 25.0776119 -28.9030029 25.0748198 -28.9107327 25.0817213 -28.9279544 25.0948389 -28.9286594 25.1024027 -28.9247069 25.106459 -28.9181848 25.1084131 -28.9083151 25.1047307 -28.9020717

28.9388331 -29.9139657 28.9269815 -29.9081257 28.9135045 -29.906615 28.9024673 -29.9079231 28.8977029 -29.9120514 28.8958426 -29.9174893 28.8964223 -29.9230284 28.8992096 -29.929877 28.9095515 -29.9353165 28.9227998 -29.9373311 28.9336078 -29.9367263 28.9441826 -29.9336029 28.9460404 -29.9278622 28.9453414 -29.9208127 28.9388331 -29.9139657

29.4970127 -32.9751457 29.4875286 -32.9714203 29.4773249 -32.9717226 29.463639 -32.9764548 29.4596735 -32.9921649 29.4657956 -33.0012297 29.4800855 -33.0053597 29.4894522 -33.0021366 29.496776 -32.9946834 29.5024169 -32.9837052 29.4970127 -32.9751457

3.73164330521666 -32.1220644731298 3.71431516131563 -32.1284415683202 3.70356845421029 -32.1318009111395 3.70141546794507 -32.1445716949423 3.7003182223761 -32.1590907292984 3.70470183219382 -32.1686811271893 3.71342828435277 -32.1731677124873 3.73088800080714 -32.1767957907297 3.74421977324601 -32.1724212185329 3.75573063351546 -32.167261804473 3.75695699365038 -32.1554379859691 3.74872919690377 -32.1462642840161 3.74102705831665 -32.1352140250485 3.73927872700332 -32.1264151003883 3.73164330521666 -32.1220644731298

32.5373512 -32.9274629 32.5289524 -32.9189031 32.5222341 -32.9188023 32.5167153 -32.922226 32.5138344 -32.9335049 32.5122728 -32.944784 32.5163516 -32.9564666 32.5301541 -32.9626103 32.5337545 -32.9571719 32.5402338 -32.9463957 32.5373512 -32.9274629

r 32.4333040880081 -29.1671337221072 32.4233921947642 -29.166911095969 32.4282712696814 -29.0828647578989 32.4333040880081 -29.1671337221072

33.9784207 -31.1753484 33.9684154 -31.1747453 33.9634718 -31.1771627 33.9597051 -31.1802848 33.9471081 -31.1927724 33.941337 -31.2057634 33.9394507 -31.2175462 33.9469865 -31.2258053 33.9579392 -31.2213746 33.9703034 -31.2118065 33.9754825 -31.2002243 33.9794835 -31.1907569 33.9784207 -31.1753484

330.700477 -32.7899323 330.6871725 -32.782754 330.6709813 -32.7847718 330.6633842 -32.788404 330.6603021 -32.7984224 330.6626932 -32.8102301 330.667807 -32.8192403 330.6793397 -32.8221597 330.6883217 -32.8221323 330.6980669 -32.8181636 330.7056447 -32.8100989 330.7081342 -32.7995891 330.700477 -32.7899323

330.5518817 -31.9669835 330.5464731 -31.954346 330.5329388 -31.9490885 330.5184352 -31.9482596 330.5074075 -31.9526826 330.4977326 -31.9571058 330.4944312 -31.9687539 330.4930586 -31.9846701 330.492074 -31.9992738 330.5011599 -32.0071578 330.5174097 -32.0130769 330.535599 -32.0162052 330.5460515 -32.0132563 330.5551513 -32.005055 330.5605745 -31.9937342 330.5561306 -31.980605 330.5518817 -31.9669835

330.5276152 -31.8577013 330.512747 -31.8491591 330.4951671 -31.8496382 330.4820283 -31.8515958 330.4777664 -31.8604529 330.4806482 -31.8729268 330.492229 -31.8839314 330.507105 -31.8883736 330.520441 -31.887398 330.5312678 -31.8818251 330.5334032 -31.8685346 330.5276152 -31.8577013

330.8828829 -34.9319098 330.8742682 -34.9232183 330.8598582 -34.922898 330.8474522 -34.9271699 330.8384498 -34.9360342 330.8392562 -34.948013 330.8486718 -34.9586758 330.8608872 -34.9609677 330.8728974 -34.9570228 330.8827009 -34.9497963 330.8874948 -34.939619 330.8828829 -34.9319098

336.4372564 -31.1860295 336.4221512 -31.1818829 336.4047987 -31.1827262 336.3944729 -31.1885808 336.3887772 -31.1966503 336.3890836 -31.2079673 336.3988487 -31.2171022 336.4086397 -31.2184473 336.425487 -31.2162797 336.4373572 -31.2116015 336.4428807 -31.2025008 336.4461645 -31.195306 336.4446409 -31.186926 336.4372564 -31.1860295

337.3465188 -35.4608998 337.3381988 -35.4571093 337.3261134 -35.4575932 337.3169417 -35.4633565 337.3166337 -35.4736446 337.3239039 -35.4836125 337.3347574 -35.4882767 337.3453914 -35.4855929 337.3507632 -35.4779312 337.3516131 -35.4685228 337.3465188 -35.4608998

35.2970207 -33.7043758 35.2864888 -33.6980321 35.2693003 -33.7029657 35.2604616 -33.7128333 35.2547665 -33.7305559 35.2585182 -33.7387138 35.2747454 -33.7415358 35.2841913 -33.7378101 35.2989633 -33.7295514 35.3006559 -33.7192795 35.2970207 -33.7043758

350.960042 -29.3740734 350.9468853 -29.3690819 350.9293469 -29.3692338 350.9258083 -29.3801099 350.9251368 -29.3928959 350.9337426 -29.4027405 350.943698 -29.4084692 350.9538192 -29.406702 350.9657923 -29.3994955 350.9688225 -29.3902352 350.9664556 -29.3818595 350.960042 -29.3740734

356.8856287 -28.0947533 356.8677909 -28.0897923 356.8551333 -28.090992 356.8483227 -28.0993814 356.8463516 -28.111583 356.8548772 -28.1233246 356.8632151 -28.1258074 356.8827101 -28.1250339 356.8905193 -28.1166407 356.8951621 -28.1084009 356.8901482 -28.1026799 356.8856287 -28.0947533

356.9508352 -28.127313 356.9333081 -28.1178039 356.9111451 -28.1172679 356.9031546 -28.119931 356.90302 -28.1312475 356.9082187 -28.1425522 356.9150762 -28.1507667 356.9317613 -28.1563122 356.9446108 -28.1608365 356.9544354 -28.1577253 356.9585706 -28.148162 356.9603688 -28.1377229 356.9508352 -28.127313

356.4653413 -29.5038219 356.4565667 -29.499404 356.4440692 -29.5010065 356.4349396 -29.5080497 356.4261381 -29.5200893 356.425778 -29.5331683 356.4359087 -29.5355325 356.4487447 -29.5364294 356.4582104 -29.5317371 356.4648111 -29.5216036 356.4676933 -29.5130828 356.4653413 -29.5038219

357.9183809 -28.3527036 357.9040083 -28.3469942 357.8904868 -28.349512 357.8834906 -28.359662 357.8810087 -28.373333 357.8902105 -28.3818444 357.9054141 -28.3832921 357.9135892 -28.3782828 357.9240989 -28.3717996 357.9242462 -28.3623937 357.9183809 -28.3527036

r 359.531 -32.555 359.561 -32.588 359.552 -32.619 359.494 -32.643 359.42 -32.636 359.36 -32.611 359.358 -32.578 359.398 -32.541 359.481 -32.539 359.54 -32.553 359.531 -32.555

40.9761824 -28.9775982 40.9538478 -28.9723662 40.9328967 -28.973173 40.9071103 -28.9739757 40.8845399 -28.9884711 40.8796935 -29.0082082 40.8884385 -29.0229151 40.9193033 -29.031382 40.957313 -29.0293671 40.9821878 -29.020297 40.9913943 -29.0069999 40.9920771 -28.9920946 40.9761824 -28.9775982

41.646994 -30.2218058 41.5924458 -30.2081287 41.5518946 -30.1944319 41.5080886 -30.1867637 41.483382 -30.1940003 41.4740354 -30.2189698 41.4795915 -30.2592579 41.5047444 -30.305197 41.5411287 -30.3374378 41.6125477 -30.3523402 41.6694874 -30.3398225 41.6853129 -30.3011376 41.676872 -30.2608609 41.646994 -30.2218058

42.2959604 -31.2717592 42.2873604 -31.2702004 42.2765452 -31.2733186 42.2727645 -31.2871286 42.2723719 -31.2986 42.2754992 -31.3065077 42.2850147 -31.3115198 42.2903593 -31.3097377 42.2993526 -31.3018295 42.2985686 -31.2876852 42.2989586 -31.2807801 42.2959604 -31.2717592

42.4083498 -31.1742255 42.3922091 -31.164092 42.3795845 -31.163312 42.3735969 -31.1669867 42.3728154 -31.1704391 42.3647424 -31.1820205 42.3668222 -31.1947174 42.3731997 -31.206301 42.3866111 -31.2130957 42.3940335 -31.2107568 42.4049706 -31.2051874 42.4108282 -31.1976132 42.414731 -31.1859185 42.4083498 -31.1742255

44.7153373 -32.0930031 44.691806 -32.0835369 44.6805012 -32.083647 44.6748489 -32.0832005 44.6730069 -32.0887689 44.6810228 -32.1035832 44.7065306 -32.1141651 44.726255 -32.1147194 44.7311173 -32.105697 44.7153373 -32.0930031

52.0473197 -32.2685474 52.0292745 -32.2626463 52.0147862 -32.2658756 52.0030606 -32.2774568 52.0058221 -32.2978386 52.0124086 -32.3063039 52.032438 -32.3104253 52.047327 -32.3024048 52.052463 -32.2920462 52.0458737 -32.2829148 52.0473197 -32.2685474

52.2329490185733 -33.7580098039765 52.2259926982569 -33.7584468632028 52.227343681154 -33.811115271408 52.2326744172575 -33.8102257807211 52.2329490185733 -33.7580098039765

52.1080777 -31.041368 52.0994966 -31.0300094 52.0885787 -31.0260011 52.0698633 -31.0288965 52.0534871 -31.0291168 52.0482827 -31.044485 52.0516558 -31.0649784 52.0571084 -31.095273 52.0724545 -31.1050759 52.0976895 -31.1093074 52.1125167 -31.1028451 52.1187528 -31.0836872 52.1080777 -31.041368

52.8174060474731 -33.6277189659037 52.8134222528511 -33.6141653214107 52.8060712159352 -33.6000632259197 52.8018971460197 -33.5870277848979 52.7901466625571 -33.5806205773667 52.7801592073986 -33.5771234660436 52.7696721353118 -33.5791157185115 52.7620111352368 -33.5879843407371 52.7539273948978 -33.6040705792808 52.7486323611082 -33.6238827389617 52.7518056729523 -33.6420933187328 52.7551356977658 -33.6596406134509 52.7700362894902 -33.6778883663078 52.785590710216 -33.6801116779167 52.7995133331015 -33.6732737834866 52.8081892827247 -33.6629341015013 52.8181031908144 -33.6389541167464 52.8174060474731 -33.6277189659037

r 7.55030569678042 -32.1072972560025 7.56797495581603 -32.1099099133601 7.57373085904315 -32.1186705784756 7.55882915799677 -32.1239052808818 7.54529066210938 -32.1241795034305 7.54400287680813 -32.1110376359711 7.55030569678042 -32.1072972560025

7.57311255464221 -33.2748989551749 7.59120412234065 -33.2649027616805 7.60818195929772 -33.2526932724599 7.61802843437841 -33.242214435639 7.63917536015599 -33.2292172355245 7.65448107477413 -33.2165040469732 7.66160313111174 -33.2087301139359 7.65835223817639 -33.2004688699849 7.64892077827097 -33.2020143303087 7.62974609327563 -33.210333570882 7.6184313286449 -33.2103017127476 7.60374013521173 -33.2123656605036 7.58747657244449 -33.2209612074169 7.56989452744731 -33.2322952351056 7.55333646215906 -33.2524867724784 7.53714759560356 -33.2730763735354 7.5280871421948 -33.2887398475934 7.52941097362775 -33.2977848905558 7.54120630710184 -33.2949349063102 7.56303115916061 -33.2841485421775 7.57311255464221 -33.2748989551749

23.5892068956377 -29.3952150400829 23.565802750775 -29.383333950691 23.5450422363954 -29.3846632045977 23.5343843777042 -29.392185162096 23.526867028622 -29.4024079625998 23.5253320111597 -29.4151114838554 23.5278900673569 -29.427627971581 23.5412475687911 -29.4366675501412 23.5591432783516 -29.4473449686692 23.5758538099849 -29.4551661768519 23.6029955432919 -29.4612719280782 23.6212395364913 -29.4560932242062 23.6306865227424 -29.4425712719626 23.6314843566296 -29.4314132741726 23.6265632498805 -29.4132341840679 23.6090017468035 -29.4013056176176 23.5892068956377 -29.3952150400829

348.0280851538148 -28.4986851788971 348.0282183983071 -28.4998955346805 347.9608428060136 -28.5222707791836 348.0064762476188 -28.5548409782073 348.0357357323943 -28.5725734922931 348.0593715140538 -28.5763194326242 348.071431479597 -28.5688216356281 348.0725801851854 -28.5163351946618 348.0507012788727 -28.5005877607643 348.0280851538148 -28.4986851788971

356.94044037376796 -30.5077040731078 356.9339501536432 -30.5202444389369 356.93473900463323 -30.5371269060962 356.9383810783404 -30.5471663626737 356.9508053735061 -30.5566388663543 356.97216751369376 -30.5575744423067 356.9928532406927 -30.5504581572432 357.00509310690035 -30.5415192509863 357.00836063604504 -30.5251413830238 357.00574388552087 -30.5123155424228 356.9978954203294 -30.5030205439504 356.9867210708786 -30.4980830924959 356.96794257361944 -30.495498884711 356.950157066046 -30.5029251653267 356.94044037376796 -30.5077040731078
