159.8477583 -0.1890819 159.8392592 -0.1859726 159.8311747 -0.1876311 159.8214318 -0.1911552 159.8185297 -0.2003797 159.8211209 -0.2100188 159.8268215 -0.2143718 159.8363571 -0.2134389 159.8453744 -0.2098111 159.8526297 -0.2018302 159.8526297 -0.194575 159.8477583 -0.1890819
162.146890766794 -1.83139415622342 162.163874180319 -1.8261848500824 162.172478209934 -1.81605961937803 162.173079933685 -1.80245435576815 162.172754100488 -1.78911628159468 162.15645430185 -1.77654491206676 162.16153682027 -1.79192848888735 162.165250895495 -1.80371214086545 162.162958772381 -1.81218353762025 162.154589539775 -1.82421031777959 162.146890766794 -1.83139415622342
162.17788390441 -1.87308713369292 162.180494250129 -1.86176496276869 162.168859625591 -1.85348466061795 162.159221606007 -1.86355177447698 162.162958431567 -1.87440048146929 162.175451570466 -1.87497000067373 162.17788390441 -1.87308713369292
167.363336 -0.0848624 167.3553739 -0.0710394 167.3478501 -0.074539 167.343826 -0.0819755 167.344439 -0.0938738 167.345752 -0.1065595 167.3537143 -0.1219574 167.3597511 -0.1217823 167.3701619 -0.1174078 167.3696363 -0.1053344 167.3639489 -0.0922113 167.363336 -0.0848624
170.3131747 3.2702093 170.3021666 3.2757017 170.2807865 3.2803465 170.2409919 3.2805483 170.2230008 3.2771623 170.2109407 3.2602528 170.2107357 3.2386976 170.2158233 3.2135515 170.2312785 3.198763 170.2460943 3.1983441 170.2611201 3.2048988 170.2854601 3.2072287 170.3100125 3.2068109 170.3286368 3.2156899 170.3341378 3.228159 170.3387908 3.2486584 170.3267232 3.262604 170.3131747 3.2702093
170.3012817 3.2095461 170.2943979 3.2148184 170.2812733 3.2129779 170.2757518 3.2104198 170.2725515 3.2065038 170.2711933 3.1973145 170.2667948 3.1847686 170.2737594 3.1759008 170.2839233 3.1740652 170.2929656 3.177423 170.3004865 3.1854948 170.3029651 3.196522 170.3012817 3.2095461
171.987946421954 3.05594619589531 171.978259111519 3.05587794439669 171.981379623219 3.0133849159075 171.988151383272 3.01484012058722 171.987946421954 3.0559461958953
179.0245161 -2.7013647 179.0190796 -2.7009187 179.012892 -2.7114719 179.003813 -2.7091225 178.9949676 -2.7098226 178.9890164 -2.7159189 178.9852572 -2.7209214 178.9789948 -2.7220134 178.978835 -2.7300668 178.9855649 -2.7346829 178.9915145 -2.733278 179.0038036 -2.7338305 179.0146068 -2.7311765 179.022123 -2.7264881 179.0265876 -2.718749 179.0245161 -2.7013647
181.17179 1.7996037 181.1693429 1.8058217 181.1643461 1.8090839 181.1557796 1.8088808 181.1493545 1.8066388 181.1503739 1.7998094 181.1470078 1.7890051 181.1456812 1.7764677 181.153737 1.7665798 181.1592436 1.7620944 181.1680137 1.7610743 181.1715833 1.7642338 181.1756641 1.7850273 181.1736251 1.7924684 181.17179 1.7996037
181.1393138 1.9126866 181.1244785 1.9204461 181.10326 1.9233785 181.082041 1.9176901 181.0741052 1.9071736 181.0756573 1.8933808 181.0839372 1.87976 181.104465 1.8711384 181.1256831 1.8694129 181.1381037 1.873205 181.151042 1.8783762 181.1524229 1.8911344 181.1510436 1.9026859 181.1393138 1.9126866
181.148242 1.8114453 181.1421107 1.8164454 181.1327517 1.8159623 181.1312184 1.8091081 181.1306529 1.7976574 181.1370263 1.7918509 181.1460621 1.7877376 181.150177 1.7919306 181.1513879 1.8026554 181.148242 1.8114453
181.2196408 -2.370657 181.2079393 -2.3653323 181.1967216 -2.3622656 181.1890539 -2.3643605 181.1866305 -2.3734723 181.1874347 -2.3857297 181.1959063 -2.3979083 181.2123702 -2.4018632 181.2231861 -2.3987205 181.2294825 -2.393722 181.230049 -2.3865452 181.2265799 -2.3798513 181.2196408 -2.370657
187.2732973 3.5990805 187.2575681 3.6084192 187.2405313 3.6061722 187.2249931 3.6014963 187.2146997 3.5889739 187.2075905 3.5723416 187.2135869 3.5544054 187.22239 3.5405808 187.2412992 3.5374097 187.2615172 3.5402179 187.2712501 3.5490026 187.2798594 3.5598423 187.2800421 3.5789017 187.2732973 3.5990805
187.9395382 3.9613189 187.9309242 3.964126 187.9262433 3.966931 187.917067 3.9689909 187.910513 3.9717968 187.898524 3.9661974 187.8878446 3.9570472 187.8766017 3.9435997 187.8795924 3.9288378 187.8874554 3.9217342 187.9044954 3.9155603 187.9241584 3.9123743 187.9391429 3.9170377 187.9449546 3.9297399 187.9507668 3.9431893 187.9462776 3.9549627 187.9395382 3.9613189
187.7970752 0.6217994 187.789846 0.6292535 187.7820522 0.6346746 187.7729031 0.6356907 187.7701925 0.6295915 187.7695151 0.6205559 187.7718874 0.6100521 187.782844 0.5993227 187.7927839 0.5949182 187.8054344 0.5946928 187.8087098 0.6018085 187.805434 0.610844 187.7970752 0.6217994
188.1010135135135 0.093564935064935 188.14898648648648 0.0959275184275184 188.19256756756755 0.1004696384696384 188.23648648648648 0.1067262197262197 188.26114864864863 0.1131286416286416 188.27702702702703 0.1246693576693576 188.27195945945945 0.1351082836082835 188.26351351351352 0.141025974025974 188.22263513513516 0.1388229203229203 188.17736486486487 0.1320981045981046 188.1405405405405 0.1258452088452088 188.11013513513512 0.1169462969462969 188.0966216216216 0.1114847314847314 188.09222972972967 0.1032227097227097 188.0949324324324 0.0974578799578799 188.1010135135135 0.093564935064935
188.1298508638676 0.4177741148587744 188.11265514002787 0.4106441344620446 188.1013158143552 0.402864409664223 188.09602986504632 0.3929374649378809 188.0949797348831 0.3810488064697094 188.10201264442443 0.3698229402383908 188.11230782807115 0.3674924833120071 188.12664468915267 0.3655402245236279 188.12505405081723 0.3731206389027211 188.1337740392192 0.3829571942740801 188.14310513277908 0.394291981569144 188.1467755457084 0.4044046215812464 188.1447855931723 0.4133887183495432 188.1298508638676 0.4177741148587744
188.9032163 -3.7756263 188.8878646 -3.7705949 188.8676679 -3.7708052 188.8492902 -3.7748434 188.8349529 -3.7821042 188.8297072 -3.7980274 188.8347607 -3.8093113 188.8513261 -3.8179706 188.8715239 -3.8177606 188.8874782 -3.8129168 188.8997961 -3.8066637 188.9133252 -3.7994022 188.9179661 -3.7893235 188.9149333 -3.7820698 188.9032163 -3.7756263
188.6390847 2.2079841 188.623105 2.2227861 188.6008878 2.2325251 188.5751619 2.23759 188.5548922 2.2270746 188.5467059 2.2076004 188.5537213 2.1904626 188.5716501 2.1698189 188.5954252 2.1557961 188.6211485 2.1402149 188.651549 2.1316435 188.6636329 2.1425478 188.6776667 2.1596836 188.6640274 2.1807174 188.6390847 2.2079841
188.5876772 2.6833052 188.5746139 2.6918996 188.5542214 2.6912641 188.5306426 2.6874456 188.5147109 2.6775792 188.4911325 2.6607104 188.4780691 2.6486156 188.478388 2.6323833 188.4869908 2.6215619 188.495912 2.617106 188.5105683 2.6180608 188.5354204 2.626654 188.5554936 2.6349285 188.5758857 2.6451124 188.5879941 2.6581611 188.5905441 2.6728018 188.5876772 2.6833052
188.617429 2.2141234 188.6036148 2.2180797 188.6007354 2.2177226 188.6007714 2.2130344 188.6036806 2.2078735 188.6124455 2.2046384 188.6202585 2.2014458 188.6246656 2.2030747 188.6252479 2.2073631 188.617429 2.2141234
188.662013542233 -0.217195082546273 188.676557357761 -0.218671355377716 188.686177049991 -0.223275810617447 188.691294493674 -0.233867555002072 188.693611079994 -0.248876610186349 188.696046179277 -0.253664818280467 188.698741853053 -0.241884552673 188.699940845241 -0.230817497547996 188.696639218029 -0.221611282564586 188.691553942574 -0.214421639266567 188.687107025749 -0.208198434975581 188.67831493967 -0.205729449455822 188.665782971304 -0.205485107181969 188.66086220997 -0.210274648213695 188.662013542233 -0.217195082546273
189.8525075 -0.5160702 189.8120141 -0.5115195 189.7824403 -0.5137934 189.7701557 -0.5197075 189.7712927 -0.532674 189.7835768 -0.5422287 189.8051883 -0.5499639 189.8261175 -0.550192 189.8581941 -0.5481455 189.8770761 -0.5442787 189.8832186 -0.534952 189.8766214 -0.5281273 189.8525075 -0.5160702
190.494374405413 -1.43681411692513 190.493242092633 -1.43557775292461 190.494134406439 -1.4610821356755 190.537873534714 -1.46082200980938 190.550818263531 -1.4484888349957 190.523628464058 -1.43374545492612 190.495549417763 -1.43398656258095 190.494374405413 -1.43681411692513
190.79514711646 1.97933020970531 190.793793869499 1.96206017671303 190.801624464876 1.94860247589083 190.825924561313 1.94462614853645 190.845395069179 1.94833728323846 190.861289982835 1.96321180870716 190.872044272781 1.97952467229835 190.872192020426 1.99491504044277 190.862535463027 2.00775293681979 190.843951560107 2.01206765071972 190.826385338674 2.00937660332205 190.806550894691 2.00006628602576 190.799383154249 1.98967467618688 190.79514711646 1.97933020970531
190.9767093 -0.5451754 190.9673789 -0.5377113 190.9559629 -0.5351866 190.9469617 -0.5410041 190.9421318 -0.5455044 190.9397168 -0.5561516 190.9343379 -0.5707503 190.939497 -0.58491 190.9531084 -0.5936913 190.9675982 -0.5933621 190.9787948 -0.5868861 190.982088 -0.5734948 190.9814294 -0.5599937 190.9767093 -0.5451754
191.095305731882 0.47493498733985 191.098720911608 0.459978975909324 191.105420903423 0.445636692444577 191.122123166801 0.442948963395712 191.133922732229 0.451279295649015 191.13947899429 0.462729954828309 191.138814598447 0.477587517505627 191.133933504446 0.484998954684744 191.110865307018 0.481237509535826 191.095305731882 0.47493498733985
191.3049665 3.0795984 191.2849958 3.0905954 191.2608953 3.0935696 191.2462065 3.0912744 191.2402423 3.0793554 191.2381814 3.0621663 191.2361208 3.0445189 191.2381906 3.0291643 191.248521 3.0193121 191.2629798 3.0190861 191.276061 3.0213807 191.2953401 3.0184051 191.3100262 3.0289501 191.3162196 3.0461397 191.3120862 3.0566814 191.3049665 3.0795984
193.400232 2.2028802 193.3795885 2.2118171 193.3561933 2.212961 193.3399089 2.2095215 193.3309659 2.1925604 193.3332619 2.173538 193.3419803 2.1499325 193.3605599 2.1313702 193.3816611 2.1196834 193.3974855 2.1283936 193.4105572 2.1462711 193.411702 2.1753781 193.400232 2.2028802
195.259815 -0.0095749 195.2505192 -0.0076888 195.2412235 -0.008093 195.2312543 -0.013347 195.2270784 -0.024798 195.2254621 -0.0355754 195.2295041 -0.047296 195.2381264 -0.0489125 195.2483652 -0.0487778 195.2567177 -0.0420418 195.2618367 -0.0318032 195.2650695 -0.0196787 195.259815 -0.0095749
197.852404239189 -1.30364812974728 197.838529860136 -1.34846274694835 197.840912274991 -1.38099010892728 197.862781933036 -1.38834721693935 197.890224074044 -1.3739230007377 197.907176873882 -1.34423407361474 197.911447573765 -1.31059535612049 197.896656364934 -1.28817331016884 197.86522139951 -1.28899517663633 197.852404239189 -1.30364812974728
202.9507125 -2.6967811 202.9491017 -2.6908543 202.9425645 -2.6907557 202.9367334 -2.6985934 202.9315054 -2.7058281 202.9264792 -2.7154738 202.926482 -2.7266251 202.9341272 -2.7327512 202.9419724 -2.7342559 202.9459934 -2.7264187 202.950919 -2.7169739 202.9573538 -2.7100402 202.9581559 -2.7008979 202.9507125 -2.6967811
203.2880724 -1.0181231 203.2734026 -1.0151107 203.2610449 -1.0209382 203.2550175 -1.0305826 203.2509999 -1.0430396 203.2575321 -1.0538885 203.2736087 -1.0556954 203.2828519 -1.0508726 203.2907882 -1.041228 203.2918918 -1.0284698 203.2880724 -1.0181231
208.227 -1.1508 208.248 -1.1207 208.252 -1.1076 208.239 -1.0869 208.216 -1.0857 208.199 -1.1204 208.207 -1.1411 208.227 -1.1508
215.1941573 3.3554212 215.1847727 3.3574025 215.176322 3.3553516 215.1722849 3.3504488 215.1703632 3.3402115 215.1720429 3.3361798 215.1771398 3.3333282 215.1875794 3.3342011 215.1949722 3.3392293 215.1962736 3.3476051 215.1941573 3.3554212
215.2470734 3.2540076 215.2361217 3.2547643 215.2270766 3.2504825 215.2211744 3.2454413 215.2186061 3.2384046 215.2182288 3.2296574 215.2234696 3.2213877 215.2318488 3.2231022 215.2418458 3.2276694 215.2481276 3.2361334 215.2494573 3.2456416 215.2470734 3.2540076
215.1481339 3.9936967 215.1400997 4.0072612 215.1308418 4.0149303 215.1181307 4.0162575 215.1094377 4.0094679 215.1082162 4.0000134 215.1092278 3.9844431 215.116257 3.974326 215.130533 3.9637681 215.1449164 3.9611068 215.1551722 3.9636705 215.1604081 3.9725711 215.1573929 3.9829132 215.1481339 3.9936967
215.102958 3.9917164 215.0913476 3.992126 215.0769809 3.9925336 215.0763997 3.9863673 215.0893465 3.9857088 215.1022106 3.9836335 215.1058827 3.9893851 215.102958 3.9917164
215.3041505 3.2890854 215.2910461 3.2889148 215.293469 3.2819991 215.2908136 3.2735113 215.3031537 3.2740022 215.3046537 3.2815025 215.3041505 3.2890854
220.2539793 -0.3062286 220.2319903 -0.2998295 220.2168935 -0.298353 220.2060632 -0.29983 220.2016329 -0.3096757 220.2024537 -0.3200136 220.2147612 -0.3277258 220.231171 -0.3329765 220.2454475 -0.3357657 220.259888 -0.3370781 220.2674362 -0.3323192 220.2672717 -0.3224736 220.2628409 -0.3167304 220.2539793 -0.3062286
220.0683957 -0.2713502 220.0621599 -0.2634737 220.0482116 -0.2608482 220.0357403 -0.2641302 220.0254022 -0.2731554 220.021628 -0.2862829 220.0234331 -0.3022001 220.034756 -0.3172968 220.0455865 -0.3182814 220.0551042 -0.3186095 220.0652782 -0.3085996 220.0710215 -0.2977693 220.0733187 -0.2848059 220.0683957 -0.2713502
221.565656624697 2.09135654459015 221.555374733671 2.09089447538885 221.557268639995 2.05775696276081 221.560993293808 2.01391617449909 221.563981597933 2.05414290353007 221.565656624697 2.09135654459015
223.44 3.5547 223.451 3.5818 223.417 3.6027 223.4017 3.5798 223.4146 3.5627 223.44 3.5547
223.3972744 3.0867281 223.3872494 3.0911565 223.3755821 3.0906619 223.3704897 3.0831128 223.3721349 3.075237 223.3800249 3.0653934 223.3918569 3.0629345 223.399744 3.064905 223.4031921 3.0778685 223.3972744 3.0867281
225.3251176 1.7219558 225.3151313 1.7306095 225.2987086 1.7412609 225.277401 1.7379364 225.2640831 1.7306173 225.2603081 1.7144229 225.2645227 1.6946777 225.2769497 1.6795901 225.2911531 1.6716015 225.3091295 1.6653869 225.3233343 1.6695998 225.3308817 1.6784725 225.3331028 1.6895646 225.3282224 1.7050948 225.3251176 1.7219558
226.0483513 1.2348943 226.0219259 1.2447403 226.0107648 1.2394893 226.0027222 1.2312847 226.0046918 1.2170086 226.0104363 1.2074912 226.0173298 1.1956765 226.0257004 1.1915741 226.0375178 1.1941995 226.0437548 1.1999426 226.051141 1.2109367 226.0527826 1.2229154 226.0483513 1.2348943
166.470507498331 0.0124783462757882 166.45902824089 0.0167274076719794 166.461190107999 0.0261997737422114 166.4544837181 0.0343785220577805 166.45048925547 0.042206708140288 166.441773781426 0.0538553276910685 166.430811366593 0.0546994861708842 166.421315783794 0.0363145631430529 166.415814352488 0.0225296637774523 166.411176562749 0.0072881850747771 166.406862458954 -0.0102692771460613 166.403789138928 -0.0221678284118798 166.410474667849 -0.0365360054914895 166.413229976474 -0.0520574035665172 166.420853404936 -0.0690136162214086 166.430344661452 -0.0795859544528747 166.440771239519 -0.090274539304543 166.449842565121 -0.0998249858856678 166.461457330029 -0.106061322220389 166.476374915364 -0.115129299397963 166.49212353217 -0.122086880375997 166.502306445706 -0.129751482602572 166.504893977536 -0.123110579582758 166.492930532031 -0.110340163849387 166.48753325746 -0.0947833850798603 166.488032765305 -0.0855903901886406 166.489318204608 -0.0700217585901354 166.489127166637 -0.0640894473187009 166.504864463991 -0.0679178814465341 166.505861938814 -0.0573910284462711 166.503643415182 -0.0453164923022011 166.498077000741 -0.0347395907315784 166.493645465043 -0.0241697712262701 166.488678359267 -0.0163541935905879 166.481885088131 -0.0022615058885002 166.475085120146 0.0075243971402732 166.470507498331 0.0124783462757882
180.090880585393 -1.1323581076125 180.108291553374 -1.12729694858456 180.116144500598 -1.11689768352731 180.127166511101 -1.10580732544444 180.131282896732 -1.09475057801007 180.132326486621 -1.08116823041707 180.127353474038 -1.07102931451009 180.120614331541 -1.06538417787424 180.110687868128 -1.06111995281178 180.097216874333 -1.06112976332734 180.079856114851 -1.07830015138418 180.073400602954 -1.08735579075501 180.067475555415 -1.10075413931284 180.069313841523 -1.11843345897936 180.081510416744 -1.12955384138932 180.090880585393 -1.1323581076125
181.913486524932 2.66280461605598 181.92490614838 2.6691455471524 181.927342598521 2.6802767418193 181.928751598881 2.69164888618104 181.922411526733 2.70183049913726 181.912126721553 2.70899729382816 181.902744966803 2.71673016480274 181.889349881666 2.7116335530216 181.885986093603 2.69715080289447 181.885241918916 2.68136307395913 181.893395822455 2.67078622649426 181.907353370371 2.66422561206821 181.913486524932 2.66280461605598
183.243551523173 1.28587647074905 183.242212107934 1.29568792444618 183.232273972817 1.30699913798199 183.226534608147 1.31798160212241 183.217826097707 1.32706597855568 183.206023063934 1.33224927846957 183.197021097098 1.33410510940388 183.19108027193 1.33258448787651 183.187872728027 1.32408572038067 183.188639676601 1.31381202026036 183.192842180815 1.30206176300342 183.198061840519 1.29420798913838 183.203508163656 1.28528905419371 183.211138355928 1.28131125762884 183.21970317556 1.27384594381646 183.226072598789 1.26631863759962 183.23898829547 1.26103891164169 183.250077497966 1.26770656219237 183.249758971984 1.27698349438292 183.243551523173 1.28587647074905
190.671155692421 2.67438599259417 190.673720889653 2.67253666006678 190.69142240807 2.64848146113467 190.726018289505 2.64474023677319 190.753609172644 2.65729985760776 190.750032055366 2.6836764159297 190.730340278734 2.72394654552236 190.704662178914 2.7334643773199 190.682112059207 2.72937578551902 190.665027959321 2.72043755020773 190.665696918669 2.70110536808382 190.671155692421 2.67438599259417
193.144003770172 -1.17712565916052 193.125228832253 -1.17075149720793 193.111181737585 -1.17169901577765 193.094936538523 -1.16688929369285 193.081436665908 -1.16344709332684 193.066624153804 -1.16404974583804 193.052712812641 -1.17342153839423 193.048547215897 -1.18206888256378 193.04883906667 -1.19122511716425 193.040427683488 -1.19544390699789 193.033208610805 -1.20273989481362 193.024975031821 -1.2093049592065 193.020461738967 -1.21885520790915 193.030080412652 -1.22535006927796 193.04359169437 -1.22847269623257 193.056999908921 -1.22981523646159 193.073209606411 -1.2361012075321 193.087821792453 -1.24012962833803 193.104731831045 -1.23636092019692 193.109507207285 -1.23248149930869 193.127803851913 -1.22886116877059 193.137516435848 -1.21955510449949 193.138475126448 -1.20858076270913 193.143820216972 -1.20306883257942 193.152448491641 -1.19770616907371 193.152799240055 -1.18723587254989 193.147729716404 -1.18196886770255 193.144003770172 -1.17712565916052
207.045500816476 3.93963168043483 207.0474157019 3.94080261538523 207.057099389409 3.92687348411731 207.072678340596 3.92525511657694 207.086533612046 3.92421945259533 207.094012541321 3.93602103993878 207.088216194347 3.95780797865701 207.079214718741 3.97319398077795 207.064910009939 3.97882990728734 207.050307663628 3.98341021363869 207.043627056221 3.97661215472796 207.040783956627 3.96088968251568 207.041846846709 3.94994919159075 207.045500816476 3.93963168043483
215.11343724399 3.98061172187623 215.097116686779 3.97819767985959 215.084452325242 3.97030948272818 215.080496557175 3.96101973150714 215.072413399356 3.9520944935958 215.064361222272 3.94251438419837 215.059362702817 3.93169882489943 215.054432958938 3.92262726301968 215.051259378554 3.9142357324034 215.046469654905 3.90572811369151 215.045597173415 3.89680971747402 215.0493590705 3.88689168909297 215.055575080411 3.88213894645445 215.063959962445 3.88210076538878 215.073850099889 3.88796023476956 215.083282561119 3.89688321050793 215.08902751489 3.90538216675261 215.095967751199 3.91709589148135 215.100215615454 3.92494793522653 215.106477227461 3.93377538933205 215.109364808489 3.94179988238465 215.114081963285 3.95033769558813 215.118228664268 3.96162333167059 215.121917082114 3.97341334956198 215.118709238086 3.97929567516595 215.11343724399 3.98061172187623
224.664788115308 -1.071948319039 224.648231738569 -1.07130939040577 224.630035340304 -1.07194473354764 224.616470893125 -1.07300298687659 224.588035309408 -1.07620966069971 224.560164988775 -1.07746606428236 224.538233071529 -1.0850818849801 224.526100865169 -1.09317937643813 224.522307459763 -1.10336658708144 224.534727424027 -1.10893654419066 224.556119221078 -1.11120613058694 224.586417215681 -1.11297256290697 224.609642339653 -1.10908117876347 224.630923416138 -1.10250295777917 224.647102042102 -1.09514677406706 224.656676104091 -1.0873580497159 224.664460828101 -1.0771099153517 224.664788115308 -1.071948319039